[ 1.1638756   3.91626794  0.44796651  5.67882775  4.86543062  3.77811005
  4.12739234  3.60406699  0.21650718]
[[  1.35541706   3.39620432  -1.80745492   3.11968809   1.00785637
   -1.42297896  -2.18078665  -3.95480888  -9.06443868]
 [  3.39620432   8.50970825  -4.52885417   7.81685465   2.52533795
   -3.56549097  -5.46429379  -9.90937725 -22.71233453]
 [ -1.80745492  -4.52885417   2.4102495   -4.1601185   -1.34398113
    1.89754903   2.90808909   5.27375594  12.0874709 ]
 [  3.11968809   7.81685465  -4.1601185    7.18041263   2.31972696
   -3.27519156  -5.01939539  -9.10256372 -20.86311451]
 [  1.00785637   2.52533795  -1.34398113   2.31972696   0.74941838
   -1.05809381  -1.62158185  -2.94070321  -6.7401042 ]
 [ -1.42297896  -3.56549097   1.89754903  -3.27519156  -1.05809381
    1.49390854   2.28948979   4.15193965   9.51626322]
 [ -2.18078665  -5.46429379   2.90808909  -5.01939539  -1.62158185
    2.28948979   3.50875797   6.36305582  14.58415083]
 [ -3.95480888  -9.90937725   5.27375594  -9.10256372  -2.94070321
    4.15193965   6.36305582  11.53926251  26.44803845]
 [ -9.06443868 -22.71233453  12.0874709  -20.86311451  -6.7401042
    9.51626322  14.58415083  26.44803845  60.61901592]]
